vod_10x2.txt : 1527.658538996466
vod_10x3.txt : 1765.2063551743363
vod_10x4.txt : 1720.2456772023186
vod_10x5.txt : 1822.853903878559
vod_10x6.txt : 1903.246757323952
vod_10x7.txt : 2019.9226643107997
vod_10x8.txt : 2550.4137726384674
vod_20x2.txt : 1523.5917947482126
vod_20x3.txt : 1858.9677006452437
vod_20x4.txt : 1956.5706933640517
vod_20x5.txt : 2180.723971297512
vod_20x6.txt : 1950.4482354448387
vod_20x7.txt : 2730.96456985134
vod_20x8.txt : 2261.3130894104934
vod_30x2.txt : 1586.8348862571127
vod_30x3.txt : 1804.1549909270352
vod_30x4.txt : 1997.1376864684962
vod_30x5.txt : 2022.4947981542896
vod_30x6.txt : 2876.0531046239967
vod_30x7.txt : 2656.400863586493
vod_30x8.txt : 3102.570899567627
vod_40x2.txt : 1560.2662467732257
vod_40x3.txt : 1581.2058488495757
vod_40x4.txt : 2118.4479367472964
vod_40x5.txt : 2117.980858304854
vod_40x6.txt : 2516.211498942313
vod_40x7.txt : 2381.845983523776
vod_40x8.txt : 2264.9209629128986
vod_50x2.txt : 1457.4500071665793
vod_50x3.txt : 1839.2841587227674
vod_50x4.txt : 2101.8363429957108
vod_50x5.txt : 2029.4388956164569
vod_50x6.txt : 2571.0899644210735
vod_50x7.txt : 2539.009618809825
vod_50x8.txt : 3320.017628149397
