vod_1000x100.txt : 129477.54834490661
vod_1000x200.txt : 254836.699356268
vod_1000x300.txt : 388874.63801403163
vod_1000x400.txt : 529654.0870016173
vod_1000x500.txt : 643667.3312391707
vod_200x100.txt : 43849.11722371534
vod_200x200.txt : 85287.18893001597
vod_200x300.txt : 128926.8427929361
vod_200x400.txt : 147515.61424890705
vod_200x500.txt : 211500.54852098052
vod_400x100.txt : 64226.58942379632
vod_400x200.txt : 134058.74612173767
vod_400x300.txt : 181043.47483397083
vod_400x400.txt : 266187.0132516846
vod_400x500.txt : 301869.8588699101
vod_600x100.txt : 87385.35482005928
vod_600x200.txt : 160843.1931768307
vod_600x300.txt : 263523.64388423867
vod_600x400.txt : 359398.66143590474
vod_600x500.txt : 435212.34842219984
vod_800x100.txt : 111583.44644617109
vod_800x200.txt : 206543.7620791457
vod_800x300.txt : 309385.7917519763
vod_800x400.txt : 423687.0522366719
vod_800x500.txt : 511954.25226595276
