vod_100x100.txt : 32492.445718953953
vod_100x200.txt : 53690.29068034016
vod_100x300.txt : 97763.16915931171
vod_100x400.txt : 131691.999466254
vod_100x500.txt : 166582.3652493891
vod_300x100.txt : 57875.32346298291
vod_300x200.txt : 95246.11797360341
vod_300x300.txt : 167215.69935871928
vod_300x400.txt : 192798.13901615632
vod_300x500.txt : 277067.51990721456
vod_500x100.txt : 71797.65703146483
vod_500x200.txt : 152562.77152990084
vod_500x300.txt : 227884.68357512602
vod_500x400.txt : 283243.1144115417
vod_500x500.txt : 397950.2863570285
vod_700x100.txt : 103039.55984861613
vod_700x200.txt : 203874.90102783893
vod_700x300.txt : 296846.19654765865
vod_700x400.txt : 379160.33886384964
vod_700x500.txt : 485189.04786293017
vod_900x100.txt : 125188.91928814462
vod_900x200.txt : 236023.11192235968
vod_900x300.txt : 342152.0213762262
vod_900x400.txt : 455784.67557354656
vod_900x500.txt : 615965.751148561
