vod_100x10.txt : 3800.6421516335577
vod_100x20.txt : 8186.787439835112
vod_100x30.txt : 9060.16684019457
vod_100x40.txt : 10874.2119732809
vod_100x50.txt : 13940.530399518295
vod_20x10.txt : 2607.9602851062523
vod_20x20.txt : 5364.529688966589
vod_20x30.txt : 7978.488359103911
vod_20x40.txt : 9758.35778402425
vod_20x50.txt : 12589.981172331307
vod_40x10.txt : 3582.660422890958
vod_40x20.txt : 6495.954345459166
vod_40x30.txt : 7013.321149912123
vod_40x40.txt : 11083.491705926794
vod_40x50.txt : 13658.366130182749
vod_60x10.txt : 4121.010079781008
vod_60x20.txt : 6834.377786192342
vod_60x30.txt : 7218.916978813684
vod_60x40.txt : 8595.00861750179
vod_60x50.txt : 11682.550249669715
vod_80x10.txt : 4533.957411894447
vod_80x20.txt : 5769.811702886296
vod_80x30.txt : 10467.703025039262
vod_80x40.txt : 10011.500000508553
vod_80x50.txt : 16869.424472237726
