vod_10x10.txt : 3269.5677244352173
vod_10x20.txt : 5312.557787821933
vod_10x30.txt : 8170.914966944956
vod_10x40.txt : 7127.342725655108
vod_10x50.txt : 12348.561110493825
vod_30x10.txt : 2790.7636872895473
vod_30x20.txt : 4543.637216207892
vod_30x30.txt : 8834.549932020896
vod_30x40.txt : 10540.103090667684
vod_30x50.txt : 12646.235473612072
vod_50x10.txt : 3818.830921086077
vod_50x20.txt : 6081.029346402302
vod_50x30.txt : 9358.588555616443
vod_50x40.txt : 9049.203131506543
vod_50x50.txt : 14728.087448938
vod_70x10.txt : 2979.795804163042
vod_70x20.txt : 6839.480382246675
vod_70x30.txt : 9073.404875301921
vod_70x40.txt : 9473.258527440441
vod_70x50.txt : 11247.96829899409
vod_90x10.txt : 3102.4292294088664
vod_90x20.txt : 7547.671038647584
vod_90x30.txt : 11072.580171893824
vod_90x40.txt : 10915.097237064816
vod_90x50.txt : 15603.947119095097
