vod_100x2.txt : 1528.4265727753727
vod_100x3.txt : 2024.990454273757
vod_100x4.txt : 2054.7667710227734
vod_100x5.txt : 2461.9699995299816
vod_100x6.txt : 2846.9816929784556
vod_100x7.txt : 3251.6869660249395
vod_100x8.txt : 3654.6225210114826
vod_200x2.txt : 1748.745642022468
vod_200x3.txt : 2171.232758996436
vod_200x4.txt : 2852.5060992454223
vod_200x5.txt : 2949.5714915551885
vod_200x6.txt : 3417.344242331201
vod_200x7.txt : 4397.152112747427
vod_200x8.txt : 4283.263869069603
vod_300x2.txt : 1845.4680663426682
vod_300x3.txt : 2185.098463596695
vod_300x4.txt : 2853.187348086184
vod_300x5.txt : 3066.112343151968
vod_300x6.txt : 4105.557135819308
vod_300x7.txt : 5026.384714652259
vod_300x8.txt : 5158.173612458685
vod_400x2.txt : 1928.8129638047135
vod_400x3.txt : 2712.2452306029763
vod_400x4.txt : 3312.5667140947567
vod_400x5.txt : 4523.035644860129
vod_400x6.txt : 5257.710637529877
vod_400x7.txt : 4398.938832714374
vod_400x8.txt : 7056.524389418497
vod_500x2.txt : 2043.7722068146254
vod_500x3.txt : 3064.6111757726358
vod_500x4.txt : 4336.310002970567
vod_500x5.txt : 4555.000747632076
vod_500x6.txt : 4876.030921620955
vod_500x7.txt : 6346.854045325909
vod_500x8.txt : 6223.329591993479
